[array([0.        , 0.01530612, 0.03061224, 0.04591837, 0.06122449,
       0.07653061, 0.09183673, 0.10714286, 0.12244898, 0.1377551 ,
       0.15306122, 0.16836735, 0.18367347, 0.19897959, 0.21428571,
       0.22959184, 0.24489796, 0.26020408, 0.2755102 , 0.29081633,
       0.30612245, 0.32142857, 0.33673469, 0.35204082, 0.36734694,
       0.38265306, 0.39795918, 0.41326531, 0.42857143, 0.44387755,
       0.45918367, 0.4744898 , 0.48979592, 0.50510204, 0.52040816,
       0.53571429, 0.55102041, 0.56632653, 0.58163265, 0.59693878,
       0.6122449 , 0.62755102, 0.64285714, 0.65816327, 0.67346939,
       0.68877551, 0.70408163, 0.71938776, 0.73469388, 0.75      ]), array([ 3.70288957,  3.45427972,  2.72702432,  1.66991526,  0.37267676,
       -1.00700666, -2.1676558 , -3.04645644, -3.40463189, -3.35736242,
       -2.89441125, -2.0301947 , -0.92015672,  0.36606385,  1.75387013,
        2.75387726,  3.52628527,  3.86255402,  3.78006257,  3.19355906,
        2.24963719,  1.1565697 , -0.23639423, -1.3622538 , -2.39961491,
       -3.12089024, -3.43033391, -3.29504043, -2.84936845, -1.9081673 ,
       -0.92596566,  0.31864473,  1.4173279 ,  2.53080631,  3.37404927,
        3.81330832,  3.9158577 ,  3.59103152,  2.92809464,  2.01731621,
        0.8509915 , -0.21362017, -1.3068088 , -2.28109528, -2.91826174,
       -3.33862428, -3.42070983, -3.14636007, -2.56373299, -1.78157482]), array([0.        , 0.01530612, 0.03061224, 0.04591837, 0.06122449,
       0.07653061, 0.09183673, 0.10714286, 0.12244898, 0.1377551 ,
       0.15306122, 0.16836735, 0.18367347, 0.19897959, 0.21428571,
       0.22959184, 0.24489796, 0.26020408, 0.2755102 , 0.29081633,
       0.30612245, 0.32142857, 0.33673469, 0.35204082, 0.36734694,
       0.38265306, 0.39795918, 0.41326531, 0.42857143, 0.44387755,
       0.45918367, 0.4744898 , 0.48979592, 0.50510204, 0.52040816,
       0.53571429, 0.55102041, 0.56632653, 0.58163265, 0.59693878,
       0.6122449 , 0.62755102, 0.64285714, 0.65816327, 0.67346939,
       0.68877551, 0.70408163, 0.71938776, 0.73469388, 0.75      ]), array([ 0.65151775,  0.51736675,  0.37032829,  0.21460922,  0.05466474,
       -0.10492904, -0.25960607, -0.40494096, -0.5367756 , -0.65133812,
       -0.74535084, -0.81612401, -0.86163276, -0.88057507, -0.87240898,
       -0.83736814, -0.77645508, -0.69141255, -0.58467367, -0.45929229,
       -0.31885564, -0.16738168, -0.00920417,  0.15115136,  0.30909705,
        0.46011398,  0.59988149,  0.72440075,  0.8301092 ,  0.91398247,
        0.9736209 ,  1.00731821,  1.01411028,  0.99380281,  0.94697679,
        0.87497195,  0.77984838,  0.66432762,  0.53171477,  0.38580396,
        0.23076977,  0.07104782, -0.08879217, -0.24417709, -0.3906613 ,
       -0.52405381, -0.64053818, -0.73678175, -0.81003092, -0.85819   ])]